% time     seconds  usecs/call     calls    errors syscall
------ ----------- ----------- --------- --------- ------------------
 56.54    2.430086        1151      2110        13 futex
 17.83    0.766439        6131       125           wait4
 17.33    0.744579       14048        53        52 epoll_wait
  1.10    0.047354           5      9100      2947 statx
  0.97    0.041674           3     10667      4847 openat
  0.64    0.027291           4      6577           mmap
  0.63    0.026952           3      8589       135 read
  0.55    0.023694           3      6363           close
  0.47    0.020287          12      1663           munmap
  0.38    0.016232          38       421           clone3
  0.37    0.015728           7      2127           mprotect
  0.36    0.015523           7      2166           rt_sigprocmask
  0.29    0.012676           2      5127      2169 newfstatat
  0.24    0.010382           4      2566      2494 readlink
  0.22    0.009610          10       930           sigaltstack
  0.16    0.006676           2      3332           fstat
  0.13    0.005654          27       202           sched_yield
  0.13    0.005633           5       958           getdents64
  0.11    0.004874           4       993       835 execve
  0.10    0.004440           3      1458           brk
  0.10    0.004376           8       539           sched_getaffinity
  0.09    0.003827          18       209           madvise
  0.09    0.003723           3       993           prlimit64
  0.08    0.003361           5       630        20 lseek
  0.08    0.003286           2      1540       878 access
  0.08    0.003247          11       292           prctl
  0.07    0.003092           8       381           gettid
  0.07    0.002853           5       523           write
  0.07    0.002812           3       712       337 ioctl
  0.07    0.002795           3       750           getcwd
  0.06    0.002750           6       454           rseq
  0.06    0.002669           9       273       189 unlink
  0.06    0.002653           5       454           set_robust_list
  0.05    0.002144           5       407           getrandom
  0.05    0.002142           2       958           rt_sigaction
  0.04    0.001805           2       602           getpid
  0.04    0.001772           4       407           fcntl
  0.04    0.001524           4       345           poll
  0.03    0.001450           7       185           unlinkat
  0.03    0.001387           5       250           pipe2
  0.02    0.001013           3       260        40 stat
  0.02    0.000925           5       160           sendfile
  0.02    0.000866           3       280           geteuid
  0.02    0.000661           4       152           flock
  0.01    0.000610           7        85           mkdir
  0.01    0.000481           1       437           pread64
  0.01    0.000462           8        53           rename
  0.01    0.000389           4        80           fchmod
  0.01    0.000372           4        80        80 copy_file_range
  0.01    0.000371           4        80           lstat
  0.01    0.000367           3        96           getuid
  0.01    0.000276           2       128           uname
  0.01    0.000243           6        40           open
  0.01    0.000236           3        60           statfs
  0.01    0.000221           1       158           arch_prctl
  0.00    0.000170           1       158           set_tid_address
  0.00    0.000169           1       126           chdir
  0.00    0.000132           2        52           readlinkat
  0.00    0.000077           2        33           epoll_ctl
  0.00    0.000074           2        33           epoll_create1
  0.00    0.000064           1        33           eventfd2
  0.00    0.000041           0       375           dup2
------ ----------- ----------- --------- --------- ------------------
100.00    4.297672          54     79390     15036 total
