% time     seconds  usecs/call     calls    errors syscall
------ ----------- ----------- --------- --------- ------------------
 56.52   55.759531        2843     19611       338 futex
 17.89   17.652200       15831      1115           wait4
 17.25   17.016580       26713       637       636 epoll_wait
  2.25    2.217119           5    403564    163867 statx
  1.45    1.434408           5    265604    152009 openat
  0.59    0.584785           6     97401           mmap
  0.58    0.573532           4    133158      1365 read
  0.58    0.569534           4    118458           close
  0.49    0.485778           4    118629     19989 newfstatat
  0.48    0.472407           9     52080           munmap
  0.20    0.193709           9     19864           mprotect
  0.19    0.190542           9     20166           rt_sigprocmask
  0.18    0.173988          44      3931           clone3
  0.13    0.123509           5     24616     23914 readlink
  0.11    0.108533          12      8848           sigaltstack
  0.09    0.089259           5     16612           brk
  0.08    0.083754           9      8463      7045 execve
  0.08    0.080181           2     29450           fstat
  0.07    0.070257           8      8230           getdents64
  0.05    0.052672          10      5128           sched_getaffinity
  0.05    0.051363          14      3620           gettid
  0.05    0.050971          25      2017           sched_yield
  0.05    0.046621          11      4234           rseq
  0.05    0.045172           8      5027           write
  0.04    0.042911           3     13780      7898 access
  0.04    0.042783          21      1969           madvise
  0.04    0.037298           6      6024       200 lseek
  0.04    0.037018           5      6870           getcwd
  0.04    0.034785          12      2812           prctl
  0.03    0.033184           8      3737           getrandom
  0.03    0.032028           3      8913           prlimit64
  0.03    0.030482           7      4234           set_robust_list
  0.03    0.025828           7      3285           poll
  0.03    0.025494           3      6562      3217 ioctl
  0.02    0.023191           2      8968           rt_sigaction
  0.02    0.021971           3      5732           getpid
  0.01    0.014332           4      3314           fcntl
  0.01    0.013901           5      2613      1809 unlink
  0.01    0.012426           4      2600       400 stat
  0.01    0.011790           5      2230           pipe2
  0.01    0.008055           6      1193           unlinkat
  0.01    0.007987           3      2530           geteuid
  0.01    0.007870           5      1502           flock
  0.01    0.007846           1      4037           pread64
  0.01    0.005902          11       503           rename
  0.00    0.004667           5       800           lstat
  0.00    0.004643           5       880           sendfile
  0.00    0.004412           3      1208           uname
  0.00    0.003896           7       553           mkdir
  0.00    0.003634           6       600           statfs
  0.00    0.003419           3       906           getuid
  0.00    0.003361           8       400           open
  0.00    0.002539           1      1418           arch_prctl
  0.00    0.002493           1      1418           set_tid_address
  0.00    0.002437           4       502           readlinkat
  0.00    0.002169           1      1116           chdir
  0.00    0.002042           4       440           fchmod
  0.00    0.001858           4       440       440 copy_file_range
  0.00    0.001152           3       303           epoll_ctl
  0.00    0.001042           3       303           epoll_create1
  0.00    0.000937           3       303           eventfd2
  0.00    0.000292           0      3345           dup2
------ ----------- ----------- --------- --------- ------------------
100.00   98.648480          66   1478806    383127 total
