% time     seconds  usecs/call     calls    errors syscall
------ ----------- ----------- --------- --------- ------------------
 56.11    2.782698        1282      2169        85 futex
 18.09    0.897392        7179       125           wait4
 17.39    0.862588      862588         1           epoll_wait
  1.14    0.056434           6      9118      2947 statx
  0.99    0.049032           4     10606      4809 openat
  0.65    0.032328           4      6576           mmap
  0.61    0.030475           3      8601       153 read
  0.53    0.026315          62       421           clone3
  0.52    0.025965           4      6340           close
  0.40    0.019954          12      1661           munmap
  0.39    0.019547           9      2125           mprotect
  0.38    0.018850           3      5101      2169 newfstatat
  0.37    0.018146           8      2166           rt_sigprocmask
  0.22    0.011018           4      2566      2494 readlink
  0.20    0.009725          10       930           sigaltstack
  0.17    0.008502           2      3330           fstat
  0.16    0.007967           8       993       835 execve
  0.14    0.006711           4      1459           brk
  0.11    0.005263          25       205           sched_yield
  0.10    0.005197           9       539           sched_getaffinity
  0.10    0.004888           5       958           getdents64
  0.09    0.004512           2      1540       878 access
  0.08    0.004178           5       750           getcwd
  0.07    0.003703           9       381           gettid
  0.07    0.003541           5       638        20 lseek
  0.07    0.003452          16       208           madvise
  0.07    0.003275          11       292           prctl
  0.06    0.003185           7       407           getrandom
  0.06    0.003140           6       523           write
  0.06    0.003132           3       993           prlimit64
  0.06    0.003102           6       454           set_robust_list
  0.06    0.002873           6       454           rseq
  0.06    0.002811           3       712       337 ioctl
  0.05    0.002610           2       958           rt_sigaction
  0.04    0.002037           3       602           getpid
  0.04    0.001976           5       363           poll
  0.03    0.001414           5       273       189 unlink
  0.02    0.001167           4       250           pipe2
  0.02    0.001088           2       406           fcntl
  0.02    0.001004           3       260        40 stat
  0.02    0.000882           5       160           sendfile
  0.01    0.000743           2       280           geteuid
  0.01    0.000740           1       437           pread64
  0.01    0.000644           4       152           flock
  0.01    0.000563           6        85           mkdir
  0.01    0.000555          10        53           rename
  0.01    0.000552           4       128           uname
  0.01    0.000374           4        80        80 copy_file_range
  0.01    0.000372           4        80           lstat
  0.01    0.000371           4        80           fchmod
  0.01    0.000320           1       185           unlinkat
  0.01    0.000299           1       158           arch_prctl
  0.01    0.000297           3        96           getuid
  0.01    0.000287           5        52           readlinkat
  0.01    0.000273           1       158           set_tid_address
  0.01    0.000261           6        40           open
  0.00    0.000247           4        60           statfs
  0.00    0.000244           1       126           chdir
  0.00    0.000129           3        33           eventfd2
  0.00    0.000125           3        33           epoll_ctl
  0.00    0.000107           3        33           epoll_create1
  0.00    0.000032           0       375           dup2
------ ----------- ----------- --------- --------- ------------------
100.00    4.959612          62     79338     15036 total
