% time     seconds  usecs/call     calls    errors syscall
------ ----------- ----------- --------- --------- ------------------
 56.50   51.545991        2551     20204       881 futex
 17.75   16.192731       14522      1115           wait4
 17.23   15.722356    15722356         1           epoll_wait
  2.28    2.081676           5    403762    163867 statx
  1.48    1.353432           5    264452    151383 openat
  0.60    0.543528           4    132686      1320 read
  0.59    0.538272           4    117932           close
  0.56    0.512904           5     97404           mmap
  0.55    0.501424           9     52067           munmap
  0.48    0.442047           3    118423     19989 newfstatat
  0.19    0.175949           8     19870           mprotect
  0.19    0.172804           8     20166           rt_sigprocmask
  0.18    0.162950          41      3931           clone3
  0.15    0.137949          70      1962           madvise
  0.12    0.113887           4     24616     23914 readlink
  0.11    0.098200          11      8850           sigaltstack
  0.09    0.078155           4     16609           brk
  0.08    0.076523           2     29444           fstat
  0.07    0.067454           7      8463      7045 execve
  0.06    0.056393           6      8230           getdents64
  0.06    0.054050          26      2018           sched_yield
  0.05    0.048623           9      5129           sched_getaffinity
  0.04    0.039639           2     13780      7898 access
  0.04    0.036512           5      6122       200 lseek
  0.04    0.035250           9      3621           gettid
  0.04    0.034484           6      5027           write
  0.04    0.033872           4      6870           getcwd
  0.04    0.033419          11      2812           prctl
  0.04    0.033303           3      8913           prlimit64
  0.03    0.029730           7      4234           set_robust_list
  0.03    0.029022           6      4234           rseq
  0.03    0.026967           4      6562      3217 ioctl
  0.03    0.026426           7      3737           getrandom
  0.02    0.021987           2      8968           rt_sigaction
  0.02    0.021623           3      5732           getpid
  0.02    0.016592           5      3240           poll
  0.02    0.014211           4      3311           fcntl
  0.01    0.013224           5      2600       400 stat
  0.01    0.012731           5      2230           pipe2
  0.01    0.012574           4      2613      1809 unlink
  0.01    0.009835          11       880           sendfile
  0.01    0.008269           6      1193           unlinkat
  0.01    0.007361           1      4037           pread64
  0.01    0.007191           4      1502           flock
  0.01    0.007104           2      2530           geteuid
  0.01    0.005251          10       503           rename
  0.01    0.004923           6       800           lstat
  0.00    0.004433           8       553           mkdir
  0.00    0.004201           3      1208           uname
  0.00    0.003586           5       600           statfs
  0.00    0.003568           3       906           getuid
  0.00    0.002932           7       400           open
  0.00    0.002385           5       440           fchmod
  0.00    0.002366           1      1418           arch_prctl
  0.00    0.002336           5       440       440 copy_file_range
  0.00    0.002327           1      1418           set_tid_address
  0.00    0.002269           4       502           readlinkat
  0.00    0.001833           1      1116           chdir
  0.00    0.001062           3       303           epoll_create1
  0.00    0.001040           3       303           epoll_ctl
  0.00    0.000855           2       303           eventfd2
  0.00    0.000246           0      3345           dup2
------ ----------- ----------- --------- --------- ------------------
100.00   91.234237          61   1476640    382363 total
